gene	SRR3581356	SRR3581681	SRR3581703	SRR3581727	SRR3581836	SRR3581847	SRR3581866	SRR3581867	SRR3581869	SRR3581889	SRR3581893	SRR3581894
Retrocopy1	29.007753	19.418636	89.859825	22.019056	36.224758	23.672203	25.476664	28.184309	88.953011	24.444391	1.028224	13.550077
Retrocopy2	1.032470	1.552431	1.343507	2.144345	1.948616	2.309102	1.256845	1.681129	0.917303	1.224399	0.657925	0.853194
Retrocopy3	1.980004	0.735892	8.374095	3.515199	1.071375	0.964264	0.411357	1.088750	1.048058	0.752644	0.650586	0.770080
Retrocopy4	0.194439	0.022477	0.197332	0.454816	0.199597	0.179619	0.578228	0.000000	0.000000	0.577096	0.795706	0.367439
Retrocopy5	0.993173	3.959268	1.187967	1.854209	0.643829	3.060326	0.844221	2.205655	3.401540	1.983580	0.557597	1.135958
Retrocopy6	13.365157	30.752037	14.691239	74.391708	11.526982	30.219990	27.207647	22.213661	15.055294	68.665298	9.619557	6.841554
Retrocopy7	4.003497	2.414563	3.278690	3.876576	5.615505	2.390300	3.461774	3.803797	0.310076	0.443305	2.118871	3.496901
Retrocopy8	1.527498	0.981847	0.590566	1.621609	1.895391	0.657630	2.376621	1.368266	0.426078	0.609301	0.736363	0.321824
Retrocopy9	8.732479	8.726043	2.988928	4.184159	10.758913	9.155639	4.772461	5.367556	2.950758	3.768534	0.990468	2.648687
Retrocopy10	1.674067	0.000000	0.000000	0.000000	0.770618	0.000000	0.000000	0.000000	0.000000	0.000000	0.000000	0.000000
Retrocopy11	192.329483	16.329473	235.320908	713.726379	224.165771	30.948519	494.752686	724.723511	283.273315	779.455200	64.545113	283.151550
Retrocopy12	31.907642	0.659294	15.225657	26.966940	37.492516	11.340607	0.710540	0.646267	0.512663	55.127850	0.397927	111.940697
Retrocopy13	1.096497	2.221257	3.492651	1.226412	0.945504	0.860905	1.046305	2.265063	0.791717	0.981611	0.496912	1.117391
Retrocopy14	8.142184	0.777598	1.025796	0.946142	1.024281	12.296619	1.423345	3.788214	2.981346	9.392519	1.930142	1.989867
Retrocopy15	17.541206	21.527472	5.983944	8.070485	16.929506	15.846712	17.516933	27.206499	5.840672	8.727452	4.200480	3.069557
Retrocopy16	0.000000	0.000000	0.000000	0.000000	0.000000	0.000000	10.603385	0.000000	0.000000	0.000000	0.000000	0.000000
Retrocopy17	3.946072	5.720826	3.223024	4.730817	4.119958	6.756093	3.494669	3.952651	4.446957	2.774236	0.606450	1.869808
Retrocopy18	0.369666	0.196146	0.000000	0.000000	3.012560	0.062697	0.807337	0.293717	0.000000	0.863501	15.009758	1.063522
Retrocopy19	3.324361	5.411349	4.153013	5.620357	4.659602	4.107034	6.653911	6.780033	3.598934	3.764625	6.387214	3.745274
Retrocopy20	17.428165	14.843863	16.783409	20.406221	17.938543	14.692147	22.722490	22.912395	15.523294	22.769556	6.147213	15.154732
Retrocopy21	0.337984	0.046513	0.000000	0.000000	0.148693	0.000000	0.000000	0.052238	0.000000	0.000000	0.000000	0.000000
Retrocopy22	65.486404	23.548246	62.073433	8.542896	82.008522	52.927952	70.494339	46.374763	46.019905	6.154622	4.185836	5.948297
Retrocopy23	24.642723	10.754330	9.871343	14.349584	20.068363	12.187091	7.760472	7.319112	9.445528	17.837484	7.322284	12.810105
Retrocopy24	26.245798	6.065747	11.446923	13.392616	26.181229	7.422989	10.257225	11.340402	10.508590	13.045619	7.766717	19.153061
Retrocopy25	33.468918	67.200562	47.947819	47.453247	40.073143	74.808678	53.733429	45.536640	48.761890	22.638960	2.940152	3.632263
Retrocopy26	296.117340	577.277832	466.550781	506.499969	331.201813	590.266113	618.060059	488.743256	512.681946	160.310059	39.115627	41.920135
Retrocopy27	0.000000	0.000000	0.000000	0.000000	0.000000	0.000000	0.000000	0.000000	0.000000	0.000000	0.000000	0.000000
Retrocopy28	23.658789	25.589581	17.369913	24.740896	27.213495	24.807878	19.536360	18.194523	17.141054	23.708963	7.894528	16.755486
Retrocopy29	0.106581	0.000000	0.000000	0.384405	0.000000	0.094520	0.000000	0.115312	0.000000	0.310007	0.061955	0.130246
Retrocopy30	0.000000	0.645301	0.000000	0.799889	0.000000	0.925540	1.546506	1.656666	0.073677	1.129280	0.669676	3.251921
Retrocopy31	173.506088	1.178185	11.218527	45.697327	120.174889	0.524679	26.577898	37.922123	9.733445	46.623432	139.135452	37.472778
Retrocopy32	217.118942	0.000000	0.000000	0.000000	165.990662	0.000000	0.000000	0.000000	0.069274	0.000000	0.657543	0.054723
Retrocopy33	0.656990	1.450138	0.490691	0.491147	6.473360	0.343136	1.641130	3.883763	0.887701	1.169188	0.419519	0.458164
Retrocopy34	0.000000	0.000000	0.000000	0.000000	0.000000	0.000000	0.000000	0.000000	0.000000	0.000000	12.420042	1.159989
Retrocopy35	0.000000	0.000000	0.000000	0.000000	0.076530	0.000000	0.073902	0.000000	0.000000	0.000000	0.285154	3.475686
Retrocopy36	0.253588	175.239822	206.582169	13.044937	0.000000	214.071350	51.708618	52.478722	216.302750	15.374223	1.230162	2.921658
Retrocopy37	5.154643	215.917130	471.828613	62.113316	5.436470	487.679810	93.164078	101.803329	416.309265	47.109413	4.427283	12.043022
Retrocopy38	20.558300	9672.000000	6874.552734	936.124512	13.138157	12516.556641	2222.674805	2027.937866	7125.576172	927.058899	19.658749	236.260406
Retrocopy39	1.976781	0.078756	0.000000	0.000000	1.290712	0.075522	0.162079	0.000000	0.062583	0.000000	0.000000	0.560289
Retrocopy40	3.863101	0.772551	0.447567	0.733223	1.318284	0.430834	1.108786	0.588260	0.927955	2.392119	0.303443	0.569674
Retrocopy41	19.176931	9.423885	6.698437	7.072772	17.041710	10.091793	11.157416	9.732491	7.556501	7.129980	37.516556	26.109074
Retrocopy42	0.993144	0.000000	0.150510	0.000000	0.506065	0.000000	0.000000	0.000000	0.000000	0.000000	0.000000	0.549303
Retrocopy43	29.234404	14.710105	26.952606	47.660225	23.704952	12.290631	28.348383	41.393425	26.100212	49.574783	23.050478	37.209892
Retrocopy44	11.711008	23.229050	5.133688	9.926039	12.834286	23.130407	7.151790	6.188529	5.679837	10.515486	6.631072	6.187814
Retrocopy45	168.029007	78.541916	170.616745	212.246796	177.474579	88.608040	163.897644	183.893387	164.883972	220.465164	114.485870	190.652542
Retrocopy46	4.139395	1.851851	0.415948	0.451759	2.347745	2.014513	0.448677	0.433995	0.303124	0.458420	0.202072	0.308615
Retrocopy47	0.000000	0.000000	0.000000	0.000000	0.000000	0.000000	0.232865	0.000000	0.000000	0.000000	0.000000	0.000000
Retrocopy48	9.884567	5.543190	4.703238	8.196798	10.274936	5.613081	16.750824	8.138399	4.883377	8.202681	8.032396	7.718993
Retrocopy49	35.774414	33.853329	64.923683	88.241730	38.873798	30.201752	61.734314	73.121185	64.233841	89.676109	23.282534	47.996635
Retrocopy50	1.105035	0.000000	0.000000	0.000000	0.953170	0.000000	0.000000	0.000000	0.000000	0.000000	3.457100	1.413905
Retrocopy51	1.341196	0.964458	0.905728	0.715282	6.602557	0.847581	0.931832	0.853666	0.665231	2.001373	1.477616	0.767678
Retrocopy52	0.000000	0.000000	0.000000	0.000000	0.000000	0.000000	1.057563	0.056470	0.000000	0.000000	0.000000	0.000000
Retrocopy53	0.088981	0.000000	0.000000	0.000000	0.000000	0.085697	0.093835	0.000000	0.000000	0.000000	0.000000	0.000000
Retrocopy54	4.395910	0.183991	0.100221	0.012546	4.055755	0.141906	0.081720	0.027699	0.058797	0.000000	0.037206	0.209654
Retrocopy55	4.032183	0.065692	0.000000	0.063825	5.410367	0.031497	0.033798	0.055333	0.013050	0.050599	0.164108	0.203607
Retrocopy56	0.324170	0.000000	0.000000	0.000000	0.052877	0.000000	0.204242	0.037153	0.000000	0.000000	0.000000	0.294618
Retrocopy57	0.000000	0.338157	0.092263	0.623885	0.044814	0.092999	40.542233	0.337366	0.101621	1.239284	0.023305	0.000000
Retrocopy58	0.000000	0.296806	0.199213	0.268241	0.000000	0.108358	0.486259	0.205587	0.293324	0.109857	0.022728	0.000000
Retrocopy59	27.723400	86.826653	5.621051	0.892132	32.838013	78.239517	1.830911	1.302681	6.246534	1.058990	2.403499	30.810570
Retrocopy60	0.000000	0.000000	0.028318	0.191427	0.000000	0.000000	1.838050	1.329890	0.000000	0.000000	0.000000	0.000000
Retrocopy61	0.000000	0.000000	0.000000	0.000000	0.000000	0.024299	0.529581	0.126737	0.000000	0.124654	0.000000	0.024191
Retrocopy62	1.012860	32.786194	8.199846	9.819628	21.524248	22.753851	7.065835	5.215650	7.609443	0.964321	6.692895	0.752097
Retrocopy63	0.926923	0.000000	0.000000	0.414759	1.246777	0.000000	0.000000	0.000000	0.000000	0.058614	0.000000	0.502299
Retrocopy64	0.063107	56.660526	85.804581	25.331545	0.458653	72.250931	38.203712	38.921463	79.017982	22.223000	12.381717	13.946363
Retrocopy65	2.834660	2.172697	0.959137	1.257611	3.495866	1.882293	0.831852	1.313583	0.881313	1.643783	2.795670	1.838628
Retrocopy66	0.000000	0.000000	0.000000	0.000000	0.000000	0.000000	0.544388	0.000000	0.000000	0.108664	0.000000	0.069187
Retrocopy67	0.000000	0.000000	0.000000	0.284247	0.000000	0.000000	3.458888	0.692760	0.024176	0.493204	0.149858	0.243588
Retrocopy68	1.873195	3.075361	1.476109	1.579668	1.953692	2.439979	2.083955	1.662634	1.140411	1.200937	2.065046	1.579083
Retrocopy69	1.391695	2.402136	2.856921	3.110014	4.654595	2.398070	1.327320	2.193885	0.510491	0.641737	3.530222	1.998214
Retrocopy70	0.089571	0.345148	0.049340	0.000000	0.000000	0.088025	0.047229	0.000000	0.072944	0.047136	0.053175	0.441770
Retrocopy71	5.445280	4.988824	1.498514	1.572805	2.599421	7.619087	3.072855	1.635838	1.074829	4.880911	0.426466	1.133953
Retrocopy72	0.000000	0.000000	0.000000	0.000000	0.000000	0.000000	0.000000	0.000000	0.000000	0.000000	0.000000	0.000000
Retrocopy73	1.378300	0.601424	1.105286	1.124407	1.242585	0.501385	1.038270	1.115289	0.820112	2.149581	0.129476	0.605050
Retrocopy74	0.000000	2.567725	0.000000	0.100013	0.000000	2.400075	0.091040	0.000000	0.000000	0.201915	0.111519	0.000000
Retrocopy75	1.199615	0.463495	2.941009	0.798475	0.923018	0.616385	2.506113	0.857508	2.362782	2.485501	1.501423	1.236590
Retrocopy76	2.144958	2.251283	2.891394	11.640889	2.144292	2.263943	1.429613	1.600926	3.958347	0.804665	9.725526	0.780304
Retrocopy77	0.569623	0.137698	1.045324	0.691185	1.625754	0.949668	1.753949	1.423345	0.404352	1.110078	0.731296	0.629514
Retrocopy78	0.042344	0.083249	0.132449	0.000000	0.044355	0.039915	34.508507	44.477180	0.094600	0.042748	0.753510	0.439511
Retrocopy79	98.699913	53.293015	166.565842	21.530014	122.869041	100.497147	226.533981	178.114746	140.254868	21.092922	0.394609	0.826877
Retrocopy80	6.525334	3.776804	2.572515	1.963281	8.023925	6.505251	2.024425	0.807922	2.778941	1.741713	9.691085	7.546349
Retrocopy81	0.700597	0.698231	0.314025	0.494223	0.892422	0.769561	0.531196	0.763803	0.308821	0.299334	1.170172	0.520516
Retrocopy82	2.604887	6.151105	1.355564	0.235869	4.043351	11.799642	3.240313	2.667072	2.055632	0.140868	0.000000	0.385906
Retrocopy83	2.003412	0.118640	2.458587	2.997235	2.124153	0.326665	3.589483	1.114621	0.794869	2.702241	0.000000	0.000000
Retrocopy84	0.060867	3.434336	4.780175	2.148211	0.188719	3.523639	0.384177	0.421029	1.711386	1.862022	0.144414	0.000000
Retrocopy85	76.562973	39.048347	13.551190	52.131416	103.087875	41.587578	58.228241	54.271164	15.708034	63.171421	41.125233	98.144501
Retrocopy86	145.596710	33.173935	96.533142	195.295105	131.020218	32.823288	123.578789	160.328690	94.114075	204.822647	122.576118	241.009567
Retrocopy87	344.576752	94.159370	77.376053	159.494492	373.785522	107.832169	215.381805	154.290314	84.696281	193.536133	103.777023	128.465790
Retrocopy88	4.286302	8.860139	7.780888	2.182326	10.675237	9.141044	9.768504	11.307663	4.419959	2.882568	0.268863	3.240004
Retrocopy89	8.059296	15.719314	15.375043	15.078475	8.243535	18.707333	19.666994	20.202505	18.154654	13.633885	9.887018	16.302975
Retrocopy90	0.055373	0.036370	0.166816	0.047691	0.042200	0.038752	0.444938	0.226924	0.096338	0.139445	2.839842	0.026424
Retrocopy91	2.184731	425.260193	642.966309	95.424339	1.580378	793.605530	213.803192	189.433838	614.664551	85.993187	3.039426	7.365081
Retrocopy92	2.303558	460.863617	605.354004	80.224403	1.968412	847.567139	164.412537	154.820618	586.385559	68.881660	2.752839	8.885867
Retrocopy93	0.000000	0.104218	2.193626	0.106028	0.000000	0.099939	1.145326	0.351136	2.423217	0.107030	0.123258	0.000000
Retrocopy94	0.000000	0.000000	0.000000	0.000000	0.000000	0.000000	0.062013	0.000000	0.000000	0.000000	0.036365	0.666916
Retrocopy95	1.971497	0.582873	1.638421	0.982027	0.900729	1.021624	1.115633	0.774187	0.505731	1.424694	0.416936	0.637515
Retrocopy96	30.309872	25.958269	42.787292	29.271278	26.181589	30.059063	26.563808	30.306391	43.009636	35.824585	15.810265	24.093391
Retrocopy97	0.459207	0.983049	0.158516	0.350046	0.678800	0.758861	0.502744	0.110404	0.234354	0.147398	0.473957	0.435819
Retrocopy98	1192.273560	1054.617310	1352.488037	1137.931152	1175.048950	1290.884399	1106.473633	1147.849609	1418.575195	1252.242310	1649.095459	797.875488
Retrocopy99	3.502200	8.644615	2.703938	6.424080	3.716518	9.972370	3.697915	3.626060	2.276163	6.385636	10.031927	5.765521
Retrocopy100	0.058253	0.000000	0.000000	0.046816	0.000000	0.000000	0.230980	0.000000	0.000000	0.000000	0.000000	0.000000
Retrocopy101	3.482435	1.293692	1.099096	1.222015	1.153150	1.145105	1.894974	10.256955	11.991276	3.599010	0.236950	0.522374
Retrocopy102	1.625802	0.644183	0.000000	0.031268	1.894251	1.832567	0.000000	0.000000	0.024423	0.000000	0.000000	0.000000
Retrocopy103	13.728935	29.828375	1.658006	1.221071	16.061935	26.126562	1.030561	1.643087	1.344038	0.998097	0.023690	0.951929
Retrocopy104	0.495542	0.201384	0.402716	1.361180	0.399194	0.509094	1.301839	0.540940	0.595385	0.872788	1.130264	0.104283
Retrocopy105	21.002913	15.630617	16.777039	31.407122	23.841354	12.351388	21.813967	19.588882	16.406492	31.809420	17.676228	23.821798
Retrocopy106	16.222878	63.339302	85.514359	114.237083	23.163860	66.011078	223.291138	263.073242	15.036785	96.231987	48.098564	23.297731
Retrocopy107	0.000000	0.424949	0.586872	0.123700	0.000000	0.376019	0.840347	0.240333	0.267684	0.124869	0.017975	0.000000
Retrocopy108	0.000000	0.548944	0.984617	0.062122	0.000000	0.729003	0.545385	0.240020	0.245862	0.000000	0.018055	0.000000
Retrocopy109	0.000000	0.064595	0.000000	0.000000	0.000000	0.064523	0.138475	0.075568	0.053469	0.000000	0.000000	0.000000
Retrocopy110	0.000000	0.000000	0.000000	0.000000	0.000000	0.000000	0.000000	0.000000	0.000000	0.000000	0.000000	0.000000
Retrocopy111	4.583869	2.037469	2.304618	2.242679	2.602880	2.817822	4.133834	3.549753	1.656294	2.197963	0.329573	0.961953
Retrocopy112	6.043474	10.656625	15.143094	9.253074	4.594815	11.397096	12.912306	11.936259	13.076828	10.323434	0.750235	7.640299
Retrocopy113	1.796795	0.126009	0.882952	1.475441	0.826945	0.104299	0.763951	1.771371	0.662035	1.306880	0.000000	0.434420
Retrocopy114	15.205215	28.495407	4.414678	5.023788	16.627338	15.599191	6.336244	4.910074	5.951821	1.443410	3.331118	3.556554
Retrocopy115	0.000000	0.350025	0.451531	0.000000	0.074597	0.335653	0.360175	0.078621	0.490651	0.000000	0.336248	1.282993
Retrocopy116	35.304516	43.121151	14.057255	0.831173	30.870483	51.715725	9.904743	5.825778	12.958899	1.089134	32.453793	23.706190
Retrocopy117	13.744780	13.709617	13.842784	15.861765	16.302591	17.584597	17.272257	16.942467	14.447268	17.027704	8.530130	15.809237
Retrocopy118	0.202655	0.593485	2.379887	0.297926	0.208031	0.434325	1.193267	0.966910	2.379778	0.200493	155.755646	7.303133
Retrocopy119	2.182542	1.904881	2.958738	1.656903	3.734715	2.276901	1.662853	2.290452	1.879048	2.095343	1.127815	1.804404
Retrocopy120	30.488396	19.759026	21.199965	17.299849	37.764038	38.143650	1.031972	14.849137	18.952187	2.190165	1.189540	0.868910
Retrocopy121	45.134972	18.848904	11.775329	9.027620	40.851925	19.176092	10.605093	12.177444	10.136426	8.518399	92.409218	41.847221
Retrocopy122	0.000000	0.000000	0.000000	0.067151	0.000000	0.000000	2.663777	0.037559	0.000000	0.158167	0.000000	0.000000
Retrocopy123	0.000000	0.039716	0.000000	0.020203	0.000000	0.000000	1.413627	0.121325	0.000000	0.020394	0.000000	0.000000
Retrocopy124	0.417364	0.023735	0.102058	0.024147	0.649484	0.044154	0.317498	0.079967	0.150885	0.024375	0.000000	0.000000
Retrocopy125	0.000000	0.000000	0.000000	1.913642	0.000000	0.000000	1.410031	0.136553	0.000000	2.254957	0.000000	0.000000
Retrocopy126	0.074168	4.445521	0.063493	0.000000	0.076135	2.137659	0.000000	0.154065	0.000000	0.000000	11.783689	2.769269
Retrocopy127	0.418574	0.786801	1.187707	0.358955	0.402823	0.855995	1.556997	2.019186	1.298123	0.619612	10.636817	3.977720
Retrocopy128	0.186863	0.000000	0.000000	0.000000	0.191820	0.172621	0.600156	0.000000	0.000000	0.000000	0.000000	0.000000
Retrocopy129	6.993489	27.393461	6.977396	11.886345	5.760238	29.916862	32.617100	31.166407	7.056967	10.919093	3.946907	1.850060
Retrocopy130	1.333842	0.944340	2.362748	1.841379	1.357629	0.859519	2.479713	1.728552	2.194275	2.244727	0.187754	2.172727
Retrocopy131	78.451797	8.239395	23.723900	27.946598	81.099525	12.506121	26.399113	19.917927	22.574392	36.230824	127.096077	127.050674
Retrocopy132	23.623247	7.741917	0.113528	2.267999	25.233442	4.605745	0.652021	0.711636	0.020980	2.161012	0.139558	4.261392
Retrocopy133	2.522712	0.483974	1.011436	0.889561	1.636270	1.066671	0.661597	3.051719	0.701949	0.507763	6.031020	0.738756
Retrocopy134	4.736847	1.458485	10.291846	0.949914	6.887226	0.463000	0.985146	1.850982	0.747047	0.968269	0.361421	0.484561
Retrocopy135	2.154080	0.934887	0.222287	0.273450	1.003571	2.986477	0.467638	0.501888	0.178561	0.291410	0.260982	0.204978
Retrocopy136	4.058603	1.517947	0.755929	25.931875	5.807203	0.354990	6.329623	4.354974	0.542671	23.590202	31.538219	83.174141
Retrocopy137	7.461349	10.595101	9.186942	4.850563	12.674377	4.746658	7.751885	12.296522	4.591836	2.385500	0.291209	2.714558
Retrocopy138	6.229308	16.459099	6.673815	6.735568	6.329690	8.300922	6.286078	6.618572	6.515969	4.706446	1.823665	2.192347
Retrocopy139	3.098613	4.168662	3.393699	1.777225	1.312218	0.762945	3.078134	1.903284	1.585775	1.751662	1.458244	1.225047
Retrocopy140	1362.506958	261.706482	869.514282	1074.775879	1170.173584	257.543671	747.668152	990.168152	935.960022	1159.462769	6017.907715	1314.373535
Retrocopy141	15.989443	16.365431	14.110565	20.858082	16.447845	12.618155	16.877258	17.596767	12.106773	19.199482	0.512901	16.175344
Retrocopy142	2.890099	0.000000	0.000000	1.337242	2.885279	0.000000	0.359033	0.000000	0.000000	0.856556	0.000000	0.000000
Retrocopy143	99.467300	61.753811	100.982765	0.451663	91.945206	69.045723	147.750656	168.128998	106.840462	251.518051	182.438812	119.679695
Retrocopy144	3.348172	1.956773	0.628909	1.399210	2.753996	0.984315	2.133952	0.891949	0.492185	0.983466	1.348028	0.893590
Retrocopy145	2.894532	1.495253	2.755856	5.337687	2.990200	0.602715	4.961583	1.701575	0.527411	2.163817	0.323092	2.063081
Retrocopy146	0.047962	0.000000	0.031788	0.000000	0.098468	0.000000	0.095086	0.103780	0.000000	0.000000	0.000000	0.000000
Retrocopy147	1.465385	0.727310	1.188196	2.025251	1.888252	0.781767	2.108539	1.336599	0.853605	1.450435	0.645620	0.964546
Retrocopy148	0.408667	0.000000	0.000000	0.000000	0.893552	0.000000	0.506377	0.000000	0.000000	0.000000	0.000000	0.000000
Retrocopy149	1.885635	1.155336	2.130722	1.018198	1.861967	1.262086	0.881294	1.935334	0.630967	1.006502	1.701134	0.541452
Retrocopy150	2.156378	0.725878	0.745026	0.000000	3.311630	0.174893	2.529798	0.528460	0.811603	0.000000	0.000000	0.612978
Retrocopy151	0.117697	0.000000	0.000000	0.000000	0.151025	0.000000	0.029167	0.000000	0.000000	0.000000	0.000000	0.018535
Retrocopy152	0.553403	0.000000	0.143274	0.271189	0.000000	0.000000	1.371438	0.598733	0.211820	0.136875	0.000000	0.000000
Retrocopy153	0.857495	1.166889	3.202811	0.777757	3.977998	1.063073	5.989160	3.038267	0.753389	1.438246	0.484968	2.192640
Retrocopy154	67.633766	106.743828	32.661480	25.958456	69.859482	106.246918	15.015414	16.665312	32.971004	25.450418	26.898340	34.121555
Retrocopy155	0.000000	0.183825	0.314744	0.301643	0.000000	0.245935	0.228054	0.206451	0.143131	0.561027	0.044727	0.024234
Retrocopy156	0.094042	2.059218	1.336177	2.805933	0.000000	2.594619	1.282734	0.754951	1.323914	1.838458	0.273332	5.166192
Retrocopy157	0.117456	0.439300	0.047605	1.169415	1.278273	0.299810	0.410117	0.596820	0.035190	0.449588	0.375809	0.304286
Retrocopy158	6.103852	1.153250	1.618405	0.749536	1.338972	2.278410	1.589805	2.898915	0.644948	0.816956	0.845585	2.238523
Retrocopy159	1.644674	0.810362	1.860302	0.916740	0.762661	1.949168	2.041162	1.935311	0.799482	2.057197	0.513194	3.810873
Retrocopy160	11.515122	5.152812	1.262870	2.480807	10.339844	7.543978	2.356298	2.723883	1.282734	2.769812	0.237792	0.223539
Retrocopy161	7.628017	9.488075	4.954046	8.159488	11.080128	8.003867	7.573689	5.075016	5.919866	9.310923	5.975970	5.283363
Retrocopy162	4.410777	8.992291	1.664941	0.943203	4.977423	11.013341	0.953311	3.055650	0.624337	1.182324	1.093158	1.710016
Retrocopy163	3.528980	1.797790	9.808156	6.291886	10.113715	9.664869	7.724566	8.993995	15.782368	13.792868	2.549968	11.194262
Retrocopy164	0.499238	1.740531	0.582417	1.147724	0.400939	1.867217	0.636886	0.601138	1.076115	1.832465	0.655387	0.318390
Retrocopy165	0.000000	0.000000	0.000000	0.000000	0.000000	0.000000	0.382192	0.000000	0.000000	0.000000	0.000000	0.000000
Retrocopy166	0.000000	0.786869	1.163681	0.000000	0.000000	2.204537	2.054115	2.897556	1.101462	0.000000	0.000000	0.000000
Retrocopy167	0.167429	0.000000	0.000000	0.128198	0.241694	0.000000	14.485981	0.701932	0.000000	0.000000	0.000000	0.000000
Retrocopy168	0.498961	0.660816	8.823557	11.407123	0.760417	15.207350	8.543467	9.931187	8.375412	10.651846	0.449652	0.297800
Retrocopy169	99.575447	168.866867	33.745251	37.159130	105.886490	197.093521	12.698036	6.708149	29.598433	28.775784	22.415606	35.688492
Retrocopy170	0.066923	0.000000	0.000000	0.655899	0.035036	0.000000	1.288310	10.996122	0.000000	0.511137	0.175059	0.000000
Retrocopy171	15.299400	44.656326	29.385122	101.979500	13.686328	61.484867	437.513733	496.357849	25.601461	65.954224	22.564619	6.131878
Retrocopy172	0.016770	0.000000	0.000000	0.000000	0.011476	0.030983	0.210121	0.082008	0.000000	0.033182	0.000000	0.000000
Retrocopy173	0.711908	0.817285	0.974822	1.283278	0.949291	1.011530	1.153553	0.747096	0.734235	1.858939	21.657949	2.016278
Retrocopy174	51.632294	14.733788	50.023556	98.845810	72.168968	17.190847	83.949989	103.546608	54.251602	111.961685	108.353615	61.961292
Retrocopy175	115.570732	9.065893	107.799896	282.022095	120.736626	14.490047	199.909851	248.110397	115.124321	317.606995	83.924385	115.094559
Retrocopy176	1.908388	3.680727	1.809204	0.894954	1.833210	0.576700	2.000911	2.179101	1.339396	0.875350	2.054460	0.779903
Retrocopy177	1.387554	34.706928	102.867310	5.757307	0.694513	74.629562	27.731449	19.931812	92.023445	4.745152	0.848173	3.001635
Retrocopy178	0.070531	0.101919	0.036521	0.086408	0.054303	0.014334	4.184151	0.705476	0.000000	0.137466	0.000000	0.022215
Retrocopy179	0.042195	0.000000	0.087393	0.103386	0.021657	0.000000	0.289860	0.294450	0.064602	0.183678	0.000000	0.000000
Retrocopy180	1.778600	4.228505	2.264431	1.100273	0.880963	5.121572	2.633235	0.925287	0.657556	2.962774	0.999376	0.879718
Retrocopy181	0.159066	1.648558	0.973548	2.895608	1.700730	1.090166	2.074829	3.207884	1.924826	1.589358	0.629638	1.444387
Retrocopy182	5.591869	9.541236	4.985136	2.354225	4.952158	3.461324	6.369806	4.120180	5.520734	7.984528	3.612549	2.773607
Retrocopy183	54.048943	9.241569	15.649446	9.041756	60.410049	11.785444	28.478376	35.575260	14.545057	8.708483	0.136666	4.044214
Retrocopy184	0.139694	0.427044	1.581175	0.483100	0.005306	2.061944	1.825566	1.925879	0.735556	0.269536	0.087859	1.178375
Retrocopy185	1.337837	1.578591	1.973118	0.643371	1.023321	0.818576	1.112602	5.392504	1.970768	0.580389	0.610348	1.242653
Retrocopy186	47.090893	1.201755	16.529913	0.631945	40.247459	28.600531	14.556270	0.621387	0.402222	0.559117	0.508535	29.805353
Retrocopy187	124.083511	55.709255	104.218636	75.782166	124.969810	58.420147	80.316200	79.775681	107.451393	92.680580	74.454536	103.107277
Retrocopy188	0.000000	0.509209	0.000000	0.000000	0.000000	0.000000	0.150137	0.000000	0.000000	0.000000	0.000000	0.000000
Retrocopy189	7.790859	11.841125	5.260063	19.784227	8.391537	11.749932	9.714174	10.454968	4.894711	16.635986	5.703094	6.842399
Retrocopy190	0.000000	0.099007	0.000000	0.056408	0.000000	0.189251	0.169797	0.000000	0.051926	0.169465	0.000000	0.000000
Retrocopy191	3.908075	3.343816	0.858091	0.809344	3.414174	1.044165	2.634152	1.666943	1.964727	1.763118	0.852160	0.625786
Retrocopy192	15.362506	9.255820	12.665601	14.307673	15.547103	9.437465	13.147099	14.552262	12.699442	15.353331	10.384545	24.047430
Retrocopy193	154.741013	123.501434	449.363464	138.944214	161.625443	152.935745	379.361664	359.308136	422.566467	148.285492	229.146790	326.232727
Retrocopy194	0.000000	0.000000	0.056872	0.052747	0.000000	0.101464	0.000000	0.000000	0.000000	0.325992	0.319235	0.000000
Retrocopy195	0.000000	0.107450	0.027145	0.027329	0.000000	0.154556	0.074632	0.060337	0.084531	0.055174	0.000000	0.017565
Retrocopy196	20.298058	1.067790	9.159381	16.633785	21.502487	0.529913	3.040764	12.026285	9.933387	8.729895	1.576519	0.656062
Retrocopy197	0.171533	0.000000	0.071873	0.000000	0.109859	0.078187	0.251700	0.137356	0.107987	0.080386	0.000000	0.000000
Retrocopy198	0.042347	0.000000	0.014618	0.000000	0.053130	0.052159	0.167910	0.290164	0.000000	0.013965	0.000000	0.000000
Retrocopy199	194.705292	27.874304	150.143539	167.370789	178.028198	30.988783	133.350876	168.541306	179.250320	179.991119	630.054199	164.866058
Retrocopy200	1.940648	11.242263	2.666576	2.031895	4.357082	3.002013	3.363444	4.875882	2.934274	1.008351	1.085884	2.076112
Retrocopy201	1.935272	3.852212	0.447466	0.547884	1.419901	2.691031	0.085319	0.235151	0.524442	0.491990	0.121795	0.000000
Retrocopy202	19.042528	8.488508	24.269461	57.681732	19.604206	8.759955	70.674225	98.260567	20.583464	52.857170	14.562319	10.969961
Retrocopy203	0.000000	0.079453	0.000000	0.000000	0.000000	0.000000	1.956824	0.000000	0.000000	0.000000	0.000000	0.000000
Retrocopy204	1.290056	3.829991	2.513741	0.541484	0.597649	1.248119	0.716630	3.746825	5.423451	0.537471	1.359729	1.099149
Retrocopy205	0.166135	0.362958	0.262679	0.282036	0.234115	0.180879	0.308418	0.180546	0.282746	0.485752	0.053460	0.198556
Retrocopy206	1386.376953	265.806396	959.148804	1336.817505	1165.388916	255.959122	855.646240	1171.249634	981.314148	1535.746826	4180.566406	1247.914307
Retrocopy207	4.672954	1.969024	0.164042	0.828514	4.651659	1.176512	0.471070	0.306770	0.451903	0.614326	0.000000	0.903689
Retrocopy208	1.460595	25.827019	0.827627	0.932827	0.681621	25.101488	0.744218	1.053429	0.527112	0.767734	2.997689	0.349528
Retrocopy209	2.207285	1.723993	0.041544	0.176928	1.612643	0.281352	0.515773	1.031244	0.030096	0.216304	0.000000	0.075810
Retrocopy210	0.174759	0.000000	0.284739	0.162142	0.297795	0.000000	0.056590	0.115965	0.133781	0.115264	0.000000	0.089534
Retrocopy211	3.329326	1.876393	0.893312	7.369200	0.914658	1.040447	1.772464	1.506714	1.443070	0.710180	9.716792	1.651445
Retrocopy212	10.933660	21.756428	15.270581	11.265961	10.899096	25.111378	15.435345	13.299554	14.256670	10.473688	0.250919	0.665818
Retrocopy213	214.546204	154.621582	142.376236	248.833679	147.943939	189.281815	186.467667	194.029495	157.311554	270.334320	0.767686	177.469437
Retrocopy214	0.381584	0.344157	1.191792	0.689380	0.554844	0.204745	0.581032	0.649763	0.435574	1.542159	0.587696	0.649793
Retrocopy215	7.855572	10.437222	2.363111	6.669625	616.593506	10.183652	35.361725	12.344393	2.106188	12.012499	335.862000	25.628843
Retrocopy216	471.916199	1301.996338	339.524933	423.698090	560.481506	1134.484131	329.880829	281.664307	324.402222	530.662476	444.835297	683.632080
Retrocopy217	8.465461	0.000000	0.000000	0.000000	5.360009	0.000000	0.000000	0.000000	0.000000	0.000000	0.000000	0.000000
Retrocopy218	0.000000	0.000000	0.000000	0.000000	0.000000	0.000000	0.105003	0.000000	0.039734	0.000000	0.000000	0.052713
Retrocopy219	359.815796	254.669678	311.197296	277.783539	350.141815	274.324097	269.446930	331.165710	309.735992	298.442322	243.595139	270.191132
Retrocopy220	7.966305	11.875502	3.206199	2.331996	6.836220	5.788118	4.533952	3.673201	4.765133	3.671291	0.775518	2.396143
Retrocopy221	0.732850	1.426429	0.967884	2.208206	1.559151	1.041027	1.208405	0.896026	0.618098	1.141056	0.947534	1.138881
Retrocopy222	0.173450	124.683800	24.587440	1.220677	0.201522	78.371590	40.076134	27.762512	22.297678	1.197297	4.572395	3.703736
Retrocopy223	5.070186	0.119149	0.000000	0.000000	1.018912	0.000000	0.040868	0.000000	0.008205	0.000000	0.000000	0.225938
Retrocopy224	1.256972	3.910673	2.330652	5.417730	4.591895	0.619188	4.775292	1.579748	3.039574	2.117362	1.082652	3.662177
Retrocopy225	1.390886	144.366455	97.420082	30.173626	1.192805	140.430450	57.460278	49.760277	94.298500	30.732542	1.985805	9.663608
Retrocopy226	1.724832	0.777851	0.506037	0.508875	0.578306	0.620472	0.873802	0.037627	0.254194	0.520371	0.039206	0.267477
Retrocopy227	3.542360	2.154912	3.076722	0.961207	3.118730	6.071586	1.122091	1.053211	0.782021	1.011293	1.147033	2.846176
Retrocopy228	17.775890	3.142735	15.671459	22.532776	19.478178	3.738812	12.075786	14.774468	16.158627	25.099043	9.047730	18.859440
Retrocopy229	0.870780	0.942027	1.347121	0.776493	1.958227	1.152243	1.715344	0.626630	0.483685	0.884007	0.101014	1.449656
Retrocopy230	15.380091	18.297150	14.234053	14.192202	17.681337	17.167034	14.631856	11.788266	13.144689	17.014246	6.144807	9.958149
Retrocopy231	2.217567	7.362932	4.389940	1.940785	2.427960	4.967132	3.311322	2.188877	3.530438	1.523298	0.213258	0.073793
Retrocopy232	0.308212	0.010604	0.000000	0.000000	0.371273	0.000000	0.000000	0.000000	0.000000	0.000000	0.000000	0.000000
Retrocopy233	126.989601	64.968834	27.381353	29.869259	103.517624	72.800911	26.925596	24.635084	31.602953	33.644775	508.900757	202.147827
Retrocopy234	37.053272	1.105133	3.813262	3.497506	35.686539	1.790209	4.066872	3.452786	2.458718	2.623847	0.935105	0.126272
Retrocopy235	0.313777	0.505828	33.468040	1.010758	0.198634	0.593792	1.319434	41.350891	1.040112	34.799229	0.276148	0.551544
Retrocopy236	6.043225	3.253265	9.821915	0.665084	3.942677	3.066471	0.700195	0.474283	0.943700	0.266771	0.014112	3.895061
Retrocopy237	2.248194	0.599585	0.982930	1.647537	0.381854	1.233007	0.337342	1.013150	1.162121	1.253834	0.365940	0.637991
Retrocopy238	1.162877	0.000000	0.000000	0.000000	0.643190	0.000000	0.036487	0.000000	0.000000	0.000000	0.000000	0.362540
Retrocopy239	0.351093	46.415409	10.784479	33.653343	0.140840	39.881161	53.365299	14.245708	8.203595	41.129265	0.000000	0.461817
Retrocopy240	5.227105	0.335541	1.190329	2.202873	5.012766	0.549365	0.971640	1.272191	1.027785	1.861344	0.896641	1.131109
Retrocopy241	2.990793	2.131838	1.204893	1.404686	1.365485	0.193900	0.834315	0.650598	1.105638	0.401631	0.920239	0.309662
Retrocopy242	2.105023	0.077184	0.353947	0.434915	0.439770	0.425200	0.592668	0.446008	0.418512	0.468703	0.164023	0.214386
Retrocopy243	0.259513	0.000000	0.000000	0.000000	0.381658	0.000000	0.000000	0.000000	0.000000	0.000000	0.000000	0.000000
Retrocopy244	0.693451	1.239801	0.716851	0.467064	1.104733	2.208070	0.541930	0.862077	3.175170	0.361046	0.502593	0.336262
Retrocopy245	5.849932	0.493279	0.618890	5.126706	6.593098	0.223125	0.136815	0.108260	0.573711	4.366771	0.255130	3.488902
Retrocopy246	3.445802	0.499064	0.651964	0.657068	3.476702	3.938197	2.988132	1.172596	0.455352	1.809892	0.331950	1.142363
Retrocopy247	1.231286	1.263817	2.335050	1.181007	0.653733	0.495253	1.419479	2.580592	0.643146	0.973507	0.282584	1.306920
Retrocopy248	1.439321	1.219334	0.810706	1.122845	1.504659	2.809903	0.879424	1.146362	1.116921	0.488727	7.146777	0.813159
Retrocopy249	18.820944	0.638608	0.315278	0.240881	19.384209	0.151112	0.591331	0.249874	0.118183	0.244378	2.844820	15.777345
Retrocopy250	0.946765	0.089329	2.742593	2.446538	0.971881	0.042831	2.342128	2.650577	2.572523	2.502672	0.029108	0.245912
Retrocopy251	1499.625366	467.087280	775.319824	1485.073730	1488.647095	496.193695	817.839783	1078.104126	882.397705	1847.062622	1404.476807	793.704834
Retrocopy252	2.286274	1.560560	2.472947	2.026062	2.280497	1.979983	2.609628	3.520664	2.632077	1.794738	4.865423	3.144599
Retrocopy253	2.289270	1.098483	0.635135	0.000000	3.520022	0.662931	0.178287	0.455336	0.413048	0.000000	0.522747	0.226588
Retrocopy254	0.149214	0.431360	0.376100	1.079834	0.743979	0.127107	2.105108	1.150231	0.863693	0.893643	0.000000	0.292046
Retrocopy255	0.677404	1.315014	0.380865	0.900833	0.957081	1.572571	0.023818	0.000412	0.673226	1.049921	0.880589	1.223978
Retrocopy256	0.348036	0.033395	1.151739	3.132525	0.481058	0.449636	1.849440	1.903578	1.605909	0.008468	0.439330	0.618507
Retrocopy257	0.368772	2.039625	2.406222	0.713622	0.366519	1.319829	1.387180	0.861376	1.160277	0.543764	4.111967	0.434107
Retrocopy258	0.064522	2.549672	0.728322	0.514115	0.132468	1.633712	1.742421	1.634896	0.252233	0.271934	0.013253	0.000000
Retrocopy259	0.191418	0.061880	0.457659	0.010073	0.065939	0.125892	0.359121	0.347479	0.245862	0.190647	0.000000	0.241963
Retrocopy260	3.493947	0.376834	5.282290	4.452869	2.747734	1.009801	3.196931	2.542381	2.113206	4.296609	4.680015	1.719759
Retrocopy261	359.107910	711.809631	245.427444	495.920715	394.469055	663.162842	171.510635	193.435272	256.421753	618.929626	51.602047	176.779358
Retrocopy262	2.195850	3.285164	0.811083	2.804597	6.108481	0.545737	5.717016	0.661585	0.511472	7.113501	0.208621	2.824960
Retrocopy263	89.865814	5.501262	47.277969	38.493820	0.616830	0.753631	33.573059	2.208641	1.323594	1.409173	13.445528	20.265556
Retrocopy264	21.585520	64.682976	111.540329	32.265213	27.208391	54.671883	51.308949	55.822227	108.397560	33.988197	59.717655	93.984467
Retrocopy265	37.639511	19.460964	10.289636	17.419781	50.497051	15.279449	17.225777	15.666659	10.889159	16.054796	30.057602	72.901932
Retrocopy266	0.152327	0.129656	0.134338	1.042210	0.144405	0.089462	0.720061	0.880482	0.074702	0.788726	0.055167	0.058984
Retrocopy267	992.108215	448.292480	546.013733	583.267212	887.597839	362.292725	1.265785	873.223389	530.685059	454.581390	904.678955	738.734131
Retrocopy268	438.073090	929.599060	269.895294	168.701340	374.825653	1345.406494	231.856979	159.592560	284.141846	191.624649	0.460890	357.152496
Retrocopy269	0.599437	0.593975	0.717964	1.857614	0.394980	0.952558	0.864491	0.923720	1.381112	1.471720	0.377217	0.715810
Retrocopy270	0.527159	0.438576	0.301225	0.693259	2.430866	0.416054	1.682388	4.050629	0.427449	4.672206	2.568505	0.190426
Retrocopy271	0.476861	1.730751	0.413490	0.324723	0.626814	1.800862	1.040810	0.327539	1.581640	0.461677	0.259770	1.343504
Retrocopy272	40.544666	7.083958	1.390716	2.568546	41.365303	8.552674	8.866806	6.469587	1.021475	0.979504	61.745880	55.400604
Retrocopy273	0.313311	0.000000	0.000000	0.458935	0.262193	0.000000	0.000000	0.000000	0.000000	0.491908	0.049491	0.000000
Retrocopy274	0.558882	0.166000	0.000000	1.347695	0.694818	0.076408	0.085407	0.093215	0.000000	0.293793	0.000000	0.000000
Retrocopy275	60.940407	1.001712	67.589119	144.328674	66.321014	1.073567	84.222420	116.958595	63.496021	222.757233	46.998077	65.606499
Retrocopy276	112.724358	5.864123	146.883148	389.285767	119.532532	13.933709	287.982056	374.171753	157.256088	462.116394	67.527023	113.456291
Retrocopy277	351.051971	404.225708	350.986389	299.661560	421.614685	451.559662	277.241760	287.449951	329.497742	328.288422	118.796539	163.678726
Retrocopy278	16.010752	30.608145	4.075105	5.193247	15.805120	29.593256	2.625307	2.735916	4.179450	4.375050	1.622568	4.943267
Retrocopy279	0.000000	0.000000	0.000000	0.088588	0.367361	0.000000	0.000000	0.000000	0.038127	0.000000	0.000000	0.000000
Retrocopy280	0.000000	0.000000	0.000000	0.085122	0.000000	0.000000	14.565292	0.832116	0.000000	0.000000	0.000000	0.000000
Retrocopy281	1.051064	3.196127	0.833075	0.837904	2.778122	7.894465	1.169082	2.982954	0.507786	4.402460	0.185156	0.588462
Retrocopy282	157.417542	134.482681	183.002182	579.797302	187.148727	125.744957	395.680054	462.706421	176.813766	584.346802	366.215576	282.879181
Retrocopy283	52.619244	16.872164	26.229080	51.324574	63.320839	15.799716	56.480061	45.884502	25.819117	59.357544	18.156679	60.957344
Retrocopy284	0.000000	0.000000	0.000000	0.000000	0.000000	0.000000	0.000000	0.000000	0.000000	0.000000	0.000000	0.000000
Retrocopy285	228.151184	389.131256	226.088409	435.255615	243.815765	396.251282	311.593170	369.209656	180.854309	467.939850	317.871155	168.606857
Retrocopy286	2.308977	1.133024	1.117259	0.707183	4.469155	1.962554	0.815058	0.912169	0.488840	0.511952	0.371453	0.710453
Retrocopy287	63.188179	68.695656	88.275146	84.976105	78.946632	66.261284	47.393112	49.599014	68.850891	75.915665	145.260284	589.336304
Retrocopy288	1.436627	1.815299	1.299105	136.283859	1.400124	117.336761	1.726223	1.224848	42.539089	150.614777	1.459900	1.104297
Retrocopy289	4.261421	1.618267	1.380245	1.562398	1.246955	2.933315	1.566556	1.316511	1.378646	2.345810	3.471958	0.710873
Retrocopy290	92.379433	16.529451	24.003902	17.888027	105.115402	21.079710	43.101948	40.583954	19.124565	17.318377	2.187779	7.019362
Retrocopy291	0.000000	0.000000	0.000000	0.000000	0.000000	0.000000	0.000000	0.000000	0.000000	0.000000	0.000000	0.000000
Retrocopy292	0.044824	0.170132	0.046419	0.351448	0.092026	0.283228	0.087977	0.000000	0.034313	0.044346	0.026056	0.028235
Retrocopy293	4.893465	3.995031	2.498703	3.188503	4.904695	3.452687	3.574654	4.120775	2.057298	2.937341	4.432090	3.136927
Retrocopy294	5.504184	24.791283	1.623280	5.979836	3.998028	18.433456	0.163101	0.145048	1.599064	4.629563	0.174364	1.708202
Retrocopy295	0.125640	0.094722	0.000000	1.006508	0.067290	0.000000	0.878521	0.419612	0.000000	1.049090	0.209575	0.000000
Retrocopy296	0.027438	0.000000	0.000000	0.172105	0.033799	0.000000	0.190390	0.083120	0.000000	0.108581	0.000000	0.000000
Retrocopy297	0.010658	0.000000	0.029801	0.088789	0.000000	0.029537	0.452400	0.098014	0.000000	0.057994	0.000000	0.000000
Retrocopy298	2.745174	3.709907	3.260661	7.737437	4.596489	4.274063	2.219589	2.571619	1.853324	3.128558	0.555790	0.329345
Retrocopy299	0.000000	0.000000	0.000000	0.023117	0.000000	0.000000	0.179261	0.051040	0.000000	0.023336	0.000000	0.000000
Retrocopy300	4.348517	0.000000	0.000000	0.000000	4.611579	0.000000	0.000000	0.000000	0.000000	0.000000	0.000000	0.907189
Retrocopy301	0.000000	0.000000	0.068351	0.000000	0.000000	0.000000	0.057575	0.000000	0.000000	0.000000	0.000000	0.000000
Retrocopy302	0.000000	0.000000	0.000000	0.000000	0.000000	0.000000	0.093835	0.102415	0.000000	0.000000	0.000000	0.000000
Retrocopy303	3.828104	11.805346	1.802206	0.829969	3.061866	10.180900	3.352800	3.482688	2.442455	1.120140	0.270064	1.280241
Retrocopy304	0.043079	4.512708	0.000000	0.773489	0.000000	4.885354	0.021352	0.046608	0.000000	1.033957	0.000000	0.000000
Retrocopy305	0.000000	0.529176	0.000000	0.000000	0.000000	0.343100	0.035131	0.038343	0.000000	0.000000	0.000000	0.000000
Retrocopy306	261.663971	116.273315	228.642838	275.623566	259.577759	135.067093	227.510605	292.903442	234.673676	308.547455	1081.648438	767.349182
Retrocopy307	0.000000	25.643562	1.377713	0.110009	0.000000	25.272617	0.258376	0.163006	1.437091	0.074529	0.021895	0.000000
Retrocopy308	0.860398	2.269941	2.424834	0.684287	0.688192	0.702390	0.979354	1.685676	0.643881	0.756397	1.582337	2.069154
Retrocopy309	109.266304	39.929234	115.162224	160.648315	138.772293	52.200794	114.118172	153.612579	118.530296	180.144531	239.774948	139.470261
Retrocopy310	7.666039	0.726643	6.423917	3.006186	7.075249	0.629401	5.812665	4.860341	5.238562	2.878895	2.597595	5.764825
Retrocopy311	0.000000	0.000000	0.000000	0.000000	0.000000	0.000000	0.000000	0.000000	0.000000	0.000000	0.000000	0.000000
Retrocopy312	0.031197	0.000000	0.032966	0.000000	0.032677	0.029407	1.222691	0.485609	0.000000	0.000000	0.000000	0.000000
Retrocopy313	2.389340	0.865790	1.345727	0.489110	0.725115	1.835408	0.571018	0.589090	0.590151	0.203036	0.132062	0.368145
Retrocopy314	5.274120	0.102421	0.000000	0.034734	6.412297	0.042560	0.000000	0.000000	0.000000	0.000000	0.000000	0.022324
Retrocopy315	0.000000	0.000000	0.000000	0.000000	0.000000	0.000000	0.027570	0.000000	0.000000	0.000000	0.000000	0.000000
Retrocopy316	0.000000	0.000000	0.765162	0.476413	0.000000	0.000000	2.600099	1.655576	0.579012	0.577096	0.285957	6.089688
Retrocopy317	0.000000	0.000000	0.000000	0.000000	0.099129	0.000000	0.000000	0.000000	0.000000	0.000000	0.729741	0.027981
Retrocopy318	1.678074	0.201941	0.771418	0.452767	1.327289	0.427697	1.508812	0.378182	0.496680	0.401750	0.244539	0.328488
Retrocopy319	0.166021	0.000000	0.068772	0.000000	0.363573	0.245388	0.663776	0.583764	0.105910	0.136875	0.000000	0.000000
Retrocopy320	0.414291	6.344234	0.975482	2.207249	0.805158	5.374418	0.647352	2.311149	0.789186	1.648433	0.130709	0.519959
Retrocopy321	0.000000	0.000000	0.000000	0.000000	0.151922	0.000000	0.000000	0.000000	0.000000	0.169077	0.000000	0.000000
Retrocopy322	0.079494	0.572053	0.081500	0.214254	0.080787	0.146137	2.237158	0.344023	0.000000	0.117970	0.023105	0.050075
Retrocopy323	10.568038	0.000000	0.000000	0.000000	9.871180	0.000000	0.707254	0.000000	0.060686	0.000000	0.000000	12.831957
Retrocopy324	0.000000	0.000000	0.000000	0.020146	0.010550	0.000000	0.000000	0.000000	0.000000	0.010168	0.000000	0.006474
Retrocopy325	0.160793	0.555428	0.437332	0.449292	0.185176	0.587948	0.451558	0.438090	0.327025	0.493120	0.276921	0.316790
Retrocopy326	0.512101	0.453990	1.002728	2.393996	0.554793	0.657761	0.763121	1.342541	0.440430	0.680696	1.038939	0.414279
Retrocopy327	474.892548	1726.081787	195.843124	117.869385	445.637299	1631.193726	294.586151	260.387268	204.070740	104.790161	363.325165	156.194290
Retrocopy328	7.155363	143.698990	22.274199	21.525837	8.370095	122.105499	19.871805	24.177893	24.173733	24.331329	11.381038	19.107697
Retrocopy329	0.189322	1.259192	0.563634	0.260657	0.219220	1.563565	1.617668	1.245090	0.126678	0.332155	0.704845	0.784102
Retrocopy330	0.485216	0.695760	0.711914	1.897337	1.052305	0.402935	1.782345	0.499224	2.332716	2.887281	0.000000	0.624502
Retrocopy331	0.000000	0.000000	0.000000	0.000000	0.000000	0.000000	0.000000	0.000000	0.000000	0.000000	0.000000	0.000000
Retrocopy332	0.960290	0.098305	0.410029	0.103639	2.000679	0.188537	0.786482	0.953895	0.535889	0.605746	0.268912	0.156936
Retrocopy333	0.967985	2.478676	1.037892	0.761978	1.781676	3.039945	1.589147	1.827245	1.604128	1.521949	11.209158	3.903895
Retrocopy334	2.322076	1.568148	1.020391	1.202991	1.215865	0.483214	1.061510	1.616790	1.701681	0.902640	3.950155	1.046271
Retrocopy335	0.774111	3.220627	1.101269	0.408460	0.833427	8.703468	1.010705	0.319990	1.220787	0.478117	0.041749	0.215492
Retrocopy336	0.086417	0.124874	0.811250	0.028373	0.176532	0.239493	1.656308	0.041761	0.975902	2.486275	1.117705	0.363084
Retrocopy337	0.000000	35.831791	5.751102	3.477106	0.000000	36.047371	7.357868	8.897229	5.795767	2.397990	0.041581	0.181270
Retrocopy338	0.000000	0.000000	0.000000	0.744263	0.000000	0.092305	1.456010	0.430256	0.000000	1.425478	0.051113	0.062941
Retrocopy339	6.460002	1.510440	7.618988	16.733469	7.723464	0.776010	54.838982	60.754948	7.545015	15.593625	2.854814	3.356158
Retrocopy340	215.000549	29.776560	241.065125	686.728699	233.310257	38.819756	515.060730	725.271667	254.667358	773.120972	104.552963	296.680939
Retrocopy341	183.999756	140.086411	101.619347	90.792160	209.522751	152.627472	108.022545	111.840248	94.283409	93.846260	110.418755	135.506256
Retrocopy342	1.063489	0.593151	0.969910	0.557562	3.004045	2.451069	0.539264	1.918755	0.449382	0.678699	0.877020	0.286521
Retrocopy343	0.399272	24.788343	11.411521	2.651535	0.374909	63.150806	6.053319	3.975915	12.022546	2.761131	2.381883	3.849146
AT1G01140.3	0.000000	31.476824	0.522711	0.000000	0.000000	23.430212	0.000000	23.962505	31.741627	0.000000	0.000000	0.000000
AT1G01360.1	12.975366	27.550499	11.430522	24.726011	14.128981	26.773949	17.082619	14.501129	8.649644	24.655714	3.352732	6.171851
AT1G01540.2	32.098518	32.219677	38.828693	22.287098	36.833401	27.993820	34.654472	38.002823	36.996403	18.948252	19.138052	34.567944
AT1G02130.1	58.707516	43.253220	30.434460	69.337036	55.698860	36.779369	47.778465	51.470024	38.413727	74.291740	82.472336	38.814476
AT1G03860.3	6.560691	0.060838	0.058607	0.290285	0.210449	0.000000	0.100632	0.603563	0.140649	1.659549	0.064982	0.202416
AT1G04270.1	800.445557	168.167801	608.722534	836.658142	775.103455	189.408920	587.014282	766.124695	663.324829	934.742615	1821.126953	732.419739
AT1G04410.1	640.816895	481.714691	475.689789	403.209869	666.104004	561.039551	303.906006	381.637512	506.597565	474.307495	847.878540	931.899170
AT1G04610.1	7.304077	0.000000	0.000000	5.340669	9.098841	0.000000	0.000000	0.000000	0.000000	3.840751	1.112304	5.060529
AT1G05580.1	0.000000	0.115590	0.000000	0.206987	0.000000	0.162084	0.029510	0.000000	0.080691	0.134937	0.000000	0.000000
AT1G05890.2	0.000000	0.000000	0.000000	0.000000	0.076260	0.000000	0.000000	0.000000	0.000000	0.000000	0.000000	0.000000
AT1G07880.2	9.268399	1.316032	5.159500	1.498176	14.317203	1.701614	2.782038	0.000000	7.624431	0.892629	0.000000	0.000000
AT1G10430.1	32.828846	19.777901	19.335428	24.116003	32.997517	22.467382	18.245129	19.248920	19.407858	26.597878	18.489561	18.866634
AT1G11790.1	11.680198	3.285301	15.942843	9.995305	11.945163	3.834375	14.959612	14.371565	15.536586	9.028435	3.143133	16.134439
AT1G14110.1	0.000000	0.000000	0.000000	0.000000	0.000000	0.000000	0.000000	0.000000	0.000000	0.000000	0.000000	0.000000
AT1G14860.1	16.542917	0.000000	0.000000	0.000000	15.857521	0.000000	0.713148	0.564406	0.117177	0.000000	44.432167	16.245831
AT1G14870.1	135.386612	4.650535	1.087019	7.913409	137.477676	2.997133	19.746490	25.579590	1.269219	4.811402	3.615941	59.129742
AT1G17780.2	8.410847	28.754225	4.894053	4.330392	8.583543	25.031324	7.112017	8.328074	3.528115	2.574811	3.969422	1.820931
AT1G18250.2	0.866315	0.000000	1.115737	0.314082	0.521056	0.000000	0.305901	0.407552	0.000000	0.622419	0.064745	0.188679
AT1G20850.1	77.721024	8.179586	39.734509	6.363732	72.978348	12.671158	21.430674	24.736132	40.337418	7.362102	0.074175	24.734335
AT1G20960.1	37.074749	27.274591	43.708744	71.789391	39.211266	19.434347	46.514744	61.368317	42.803978	69.525635	24.045950	50.318783
AT1G21850.1	0.000000	0.000000	0.000000	0.000000	0.000000	0.000000	0.000000	0.000000	0.000000	0.000000	0.000000	0.000000
AT1G22300.1	402.782562	164.804123	241.381760	307.356964	342.568939	185.176025	262.873718	275.709625	239.971649	312.677368	325.754089	301.382507
AT1G22360.2	0.000000	0.000000	0.000000	0.000000	0.000000	0.000000	0.000000	0.000000	0.000000	0.000000	0.000000	0.000000
AT1G23490.1	272.293396	200.019211	176.995468	247.189377	281.962982	214.288528	185.419083	230.031998	186.692429	250.824814	140.332474	192.835205
AT1G25230.1	44.702950	20.676744	15.861718	4.030146	41.584530	23.868908	6.290862	3.404918	17.639652	2.290241	0.000000	18.342136
AT1G26480.1	0.000000	0.000000	0.000000	0.000000	0.000000	0.000000	0.610848	0.000000	0.052414	0.000000	0.000000	0.000000
AT1G28020.1	0.000000	0.000000	0.000000	0.000000	0.000000	0.000000	0.093070	0.000000	0.000000	0.000000	0.000000	0.000000
AT1G30080.1	6.514408	0.000000	1.226863	1.575205	6.636634	0.000000	1.922872	2.313895	1.435543	1.552160	1.053428	3.229720
AT1G30760.1	15.720095	0.000000	1.896733	0.000000	15.714252	0.000000	2.723135	7.640243	2.059804	0.090215	0.000000	0.000000
AT1G31340.1	86.857193	90.748268	73.341873	119.781982	77.053848	101.260315	96.573875	112.828133	85.983406	117.668228	155.602615	74.911064
AT1G32490.1	0.000000	0.000000	0.000000	0.000000	0.000000	0.000000	0.000000	0.000000	0.000000	0.000000	0.000000	0.000000
AT1G41830.1	139.342926	8.099833	41.273300	13.667445	118.530724	12.745139	24.403320	23.752983	44.421307	12.388181	53.667694	84.675987
AT1G43080.1	0.000000	0.000000	0.000000	0.000000	0.000000	0.000000	0.000000	0.000000	0.000000	0.000000	0.000000	0.000000
AT1G50010.1	393.055542	29.931076	386.075165	493.116119	410.504120	43.263882	315.161469	392.340637	373.934143	490.581879	183.880814	437.723724
AT1G50390.1	0.000000	0.000000	0.000000	0.000000	0.000000	0.000000	0.000000	0.000000	0.000000	0.000000	0.000000	0.315420
AT1G52830.1	1.770355	0.250802	0.535987	0.000000	1.109635	0.191441	0.000000	0.000000	0.238363	0.000000	0.000000	0.000000
AT1G53240.1	209.656631	95.985176	204.155518	163.872665	205.143173	100.919456	135.729614	171.288681	218.045334	186.965683	417.220154	476.664612
AT1G57850.2	0.098551	0.201269	0.149038	0.000000	0.229491	0.952041	0.097691	0.023457	0.034703	0.000000	0.653076	0.026073
AT1G58440.1	25.247667	12.746545	21.848959	7.493343	25.092604	11.979107	26.227409	32.293869	21.866934	6.988313	10.027753	18.215895
AT1G60170.1	34.672585	37.724762	31.848375	48.034889	32.653881	35.153919	43.353588	42.980434	31.975761	47.309799	47.594566	35.690136
AT1G61800.1	0.000000	2.716606	3.066716	0.455681	0.112400	1.511197	0.698331	1.149354	3.768775	0.698216	104.651657	18.996943
AT1G62810.1	18.635691	36.769966	2.638623	1.648729	19.739590	11.081165	1.194067	2.612721	3.357526	1.891565	6.334387	5.758185
AT1G63190.1	0.000000	0.000000	0.000000	0.000000	0.000000	0.000000	0.000000	0.000000	0.000000	0.000000	0.000000	0.119178
AT1G65440.1	32.913025	30.118624	32.161430	68.968697	34.704346	19.802145	51.042282	55.344074	31.225630	65.064407	21.041649	36.300915
AT1G65980.1	314.525085	309.419586	254.976456	436.872040	300.695404	317.884674	371.738068	414.676727	288.745026	463.354736	634.422180	349.403839
AT1G66930.1	1.320466	0.000000	0.476959	0.125349	0.237913	0.107516	0.441316	0.431318	0.324737	0.192373	0.000000	1.510236
AT1G69960.1	42.984142	24.867983	13.229712	24.432808	45.016891	26.583431	20.131817	20.626507	12.479280	27.654608	42.814819	25.382881
AT1G70450.1	0.811805	0.000000	0.000000	0.000000	1.091837	0.000000	0.000000	0.000000	0.000000	0.000000	0.000000	0.478084
AT1G72890.2	0.000000	0.000000	0.000000	0.000000	0.000000	0.000000	0.000000	0.000000	0.000000	0.000000	0.000000	0.000000
AT1G72970.1	8.709412	1.996825	50.236744	278.100464	9.893067	2.616038	167.774994	158.892029	52.090900	335.812714	11.671755	110.884865
AT1G73620.1	57.656555	0.000000	0.002021	128.972641	47.674507	0.000000	20.548483	22.372435	0.000000	155.225250	3.275307	14.840308
AT1G75270.1	19.914160	7.929699	3.480485	12.649897	23.365040	6.156742	14.355134	11.701142	3.505712	15.165666	16.730480	22.177639
AT1G76290.1	0.000000	0.000000	0.000000	0.000000	0.000000	0.000000	0.000000	0.000000	0.000000	0.000000	0.000000	0.000000
AT1G77940.1	776.359253	99.267250	447.353058	631.029480	671.455688	109.155075	430.975220	541.761597	530.325562	651.718384	2440.899902	750.163635
AT1G80030.2	3.553051	8.956448	44.147205	0.000000	5.476890	13.025964	21.251228	18.367584	42.505245	7.732853	12.661717	32.413090
AT1G80090.1	0.000000	0.000000	0.000000	0.000000	0.000000	0.000000	0.000000	0.000000	0.000000	0.000000	0.523555	0.450908
AT1G80160.1	1.751897	9.352794	0.094632	0.441705	1.198628	7.828933	8.471403	15.579320	0.105744	0.989972	2.136171	1.034626
AT1G80390.1	0.000000	0.000000	0.000000	0.000000	0.000000	0.000000	0.000000	0.000000	0.000000	0.000000	0.000000	0.000000
AT2G01070.1	4.375367	0.000000	3.913994	0.004759	0.005914	4.161914	5.291034	4.190227	2.037298	4.993374	0.000000	0.003536
AT2G01670.1	87.372383	69.152046	29.610086	14.459278	81.639717	84.038986	24.251505	19.459440	27.338266	12.522349	2.262172	6.831523
AT2G15480.2	2.245223	4.282108	0.116680	0.000000	2.025891	2.414893	0.071944	0.235953	0.000000	0.000000	0.000000	3.642791
AT2G16090.1	4.931347	0.055739	0.890458	3.970831	7.982220	0.000000	0.000000	9.196575	0.000000	0.000000	0.593979	4.068120
AT2G19440.1	1.793242	0.000000	0.062215	1.184614	1.760089	0.138430	0.821322	1.006170	0.068985	1.544752	0.000000	0.378434
AT2G21540.2	0.000000	0.000000	0.000000	1.497833	0.000000	0.000000	0.000000	0.000000	0.000000	3.150496	0.000000	0.000000
AT2G21660.2	780.292908	490.737335	1407.310547	4.994156	616.377319	1378.868408	854.188660	1547.815186	401.898254	1075.363647	0.000000	733.638489
AT2G22960.1	0.000000	0.000000	0.000000	0.000000	0.000000	0.000000	0.043758	1.059379	0.000000	0.000000	0.000000	0.000000
AT2G23150.1	10.161918	9.521069	8.326268	15.334714	10.145087	7.322766	17.889088	17.783382	6.783237	17.425787	27.469694	37.763569
AT2G23170.1	1.623085	1.704549	0.588423	0.179769	1.777862	1.445912	26.128286	10.267631	0.216860	0.861360	0.000000	12.961182
AT2G24500.1	43.658619	29.028204	22.014166	37.980984	51.727615	26.624643	13.889900	15.716926	19.579025	19.446226	70.491745	44.151917
AT2G26250.1	16.314777	48.266899	107.071358	231.349945	17.779476	56.406315	162.133286	166.488480	107.382698	240.493408	77.815102	241.893524
AT2G26870.1	0.485899	1.742787	10.656381	2.912036	0.399434	1.606385	5.865854	3.667020	9.714179	2.540353	2.442536	9.083320
AT2G26980.4	10.115401	10.461999	15.645952	12.448800	7.742683	18.964516	4.481894	12.980820	7.996335	15.619849	17.916836	5.629668
AT2G27285.1	21.894609	26.771578	18.338549	23.488562	22.645662	27.815634	28.940544	24.753727	19.000219	21.954693	29.177702	18.904015
AT2G29960.1	167.393600	62.664051	63.340523	150.760010	149.833893	71.516106	113.704941	135.268890	71.076233	163.459259	100.893829	96.168388
AT2G30740.1	0.000000	0.000000	0.000000	0.000000	0.000000	0.000000	0.000000	0.000000	0.000000	0.000000	0.000000	0.000000
AT2G31510.1	20.147087	46.970352	38.477097	26.827322	25.014807	46.583378	39.773186	35.572956	35.230766	32.472588	13.947011	16.781313
AT2G32600.1	26.711027	19.142651	22.255899	38.182964	28.605656	23.694550	31.071251	31.509701	22.666006	37.303539	42.146000	24.011042
AT2G32830.1	0.098238	1.705753	0.128453	0.605406	0.381987	1.000458	0.731865	0.422533	0.094954	0.318569	2.045419	0.406294
AT2G35740.1	0.000000	0.000000	0.000000	0.000000	0.000000	0.000000	0.000000	0.000000	0.000000	0.000000	0.000000	0.000000
AT2G36170.1	336.555725	68.229111	243.906235	282.619141	313.284729	77.942642	216.081345	281.059692	278.736572	315.836517	971.198792	253.533646
AT2G36290.1	45.886192	14.154704	10.403563	14.719423	52.590221	14.348340	32.579548	16.479013	10.611948	15.110088	27.925888	24.344725
AT2G37060.3	0.000000	0.000000	3.112577	0.000000	1.453409	0.000000	0.000000	0.000000	0.000000	0.000000	0.000000	0.000000
AT2G40180.1	0.487198	0.000000	0.512733	0.398973	0.507569	0.091598	8.491593	2.139812	0.608086	0.319143	0.000000	0.000000
AT2G42500.1	83.380569	43.321754	50.358257	74.226845	89.964348	43.235886	67.789230	75.112343	48.749798	74.398293	54.856991	91.918968
AT2G43790.1	51.739059	33.371838	29.857456	45.122231	44.698483	34.828270	28.861353	27.485008	31.335865	44.653923	27.957829	30.975580
AT2G44450.1	0.000000	0.000000	0.803496	11.423551	23.088619	0.000000	1.528628	0.302432	4.591455	12.530978	0.000000	4.279191
AT2G45330.1	26.873915	18.356773	10.685287	14.884985	29.123383	18.833210	15.732251	10.960015	12.062764	15.251277	14.371209	19.444214
AT2G47710.1	17.285246	198.816254	59.727531	76.816032	16.723690	196.944977	83.555206	60.642380	53.468853	85.316147	107.564362	85.034012
AT2G47750.1	0.080121	0.208621	9.056476	1.367124	0.048266	0.184239	5.166004	3.815049	9.482897	1.847712	0.000000	0.025235
AT3G02230.1	324.028259	16.189480	120.986885	243.853317	334.460266	17.077206	130.365097	218.258194	126.277580	275.150177	59.437420	321.800079
AT3G02600.1	4.231034	3.758861	7.109241	3.547652	0.000000	3.603117	5.513236	7.223091	3.936794	3.879123	0.000000	6.211513
AT3G04050.1	0.168945	0.909946	0.058319	0.055193	0.202331	0.831847	1.319081	0.498038	0.043110	0.109409	0.114574	0.217312
AT3G05540.1	0.000000	0.000000	0.000000	0.000000	0.000000	0.000000	0.000000	0.000000	0.000000	0.000000	0.000000	0.000000
AT3G06720.1	0.138479	22.249514	0.321157	0.333748	25.762594	23.432308	1.075044	0.425671	5.743491	23.630836	14.715859	0.094967
AT3G07800.1	10.132674	7.244069	17.545839	11.636080	10.865717	9.722253	14.050115	15.727075	18.430872	13.110991	6.943371	8.396253
AT3G09200.1	674.587708	127.158302	563.825562	628.243408	694.872681	148.260406	458.176025	553.357300	593.409119	723.077148	1432.520996	617.844177
AT3G09840.1	216.142426	189.547791	190.478119	282.854279	236.595306	175.295471	226.553711	249.589783	181.869705	254.271683	233.372345	379.205627
AT3G11730.1	53.347755	47.061932	37.775024	70.462860	54.736851	51.181923	68.168510	67.022995	38.964306	70.337799	91.057945	63.563324
AT3G12620.2	23.296095	6.868188	10.788549	9.732069	13.970945	19.819721	14.868069	10.377536	1.823283	7.632202	0.000000	13.577847
AT3G13790.1	0.000000	0.000000	0.000000	0.000000	17.514179	0.000000	0.000000	0.000000	0.000000	0.000000	0.000000	0.000000
AT3G15800.1	4.854671	1.124948	2.176967	3.402887	4.798094	0.576691	1.766076	2.182894	2.366491	4.267465	0.000000	1.338628
AT3G16240.1	177.349197	33.359493	427.621643	173.198181	157.659637	40.813328	263.205383	264.811615	428.576813	189.420212	0.905060	9.267561
AT3G18830.1	20.247000	27.736444	16.108269	15.635839	25.508480	25.604403	16.021637	13.376202	17.652164	12.815736	33.306339	53.634491
AT3G19760.1	96.786003	64.607628	102.073013	165.359909	109.784676	65.527000	126.320023	137.786636	102.929131	176.271484	145.158600	127.257690
AT3G22320.1	87.031944	61.048397	71.742699	106.933121	84.837303	62.936516	79.811707	86.364334	71.787956	107.485268	237.341797	52.506485
AT3G22930.1	36.937195	4.353395	1.654122	1.076960	30.100948	3.221130	0.416944	0.716659	1.413520	0.915480	0.000000	1.296698
AT3G23100.1	14.551165	8.514133	12.069426	8.830372	15.582418	12.088938	11.402225	8.807595	8.295200	10.073234	5.969897	7.901647
AT3G23580.1	10.309637	15.656595	24.848732	27.862188	10.792149	12.976018	22.875332	31.975275	27.947508	27.149590	70.244011	9.597312
AT3G23830.1	71.941650	4.086868	56.704662	111.081963	74.070984	3.873453	45.014080	73.909203	42.703842	74.891327	438.705841	51.362736
AT3G25560.3	0.000000	0.000000	0.000000	0.000000	0.000000	0.000000	0.000000	0.000000	0.000000	0.000000	0.000000	0.000000
AT3G27400.1	13.122169	0.801719	1.067013	0.000000	12.046363	1.134558	0.296345	0.064817	1.039479	0.000000	0.261192	20.019062
AT3G45640.1	50.555668	115.372818	22.524364	13.094439	41.462200	114.366348	57.147617	64.321358	16.200434	16.525625	9.687840	8.846795
AT3G46040.1	205.592926	73.180450	170.916443	233.847870	218.524368	76.787560	188.754807	223.721603	181.996521	255.556717	596.643860	199.636703
AT3G46650.1	0.000000	0.000000	0.000000	0.000000	0.000000	0.000000	0.000000	0.000000	0.000000	0.000000	0.000000	0.000000
AT3G47590.1	17.366880	12.879342	6.028301	7.369067	14.606412	5.544500	4.142830	3.501939	2.275144	13.535229	3.427533	4.497801
AT3G48410.1	28.334476	7.741081	5.535206	50.261192	30.593418	0.000000	19.099953	18.596680	7.847014	56.353745	8.957479	6.796076
AT3G48840.1	0.000000	0.000000	0.000000	0.000000	0.000000	0.000000	0.000000	0.000000	0.000000	0.000000	0.000000	0.000000
AT3G52600.1	0.000000	0.000000	0.000000	0.066929	0.000000	0.000000	0.123269	0.000000	0.000000	0.138636	0.000000	0.000000
AT3G52780.1	0.804196	0.195850	0.000000	0.399647	0.656586	0.107627	0.000000	0.000000	0.000000	0.219759	0.000000	3.706125
AT3G53340.1	22.082628	9.179003	17.236954	32.279804	25.210499	13.222505	27.914942	26.547382	18.150007	33.314362	15.635206	19.045847
AT3G54400.1	77.115562	1.867520	64.759750	194.036163	71.395302	3.736025	79.212296	87.103897	67.463058	238.752075	8.197966	28.695932
AT3G55880.2	25.250481	45.949371	0.114914	2.343295	19.339447	41.778099	1.767287	0.520235	0.969505	2.333653	27.747681	6.513600
AT3G55920.1	19.270042	0.000000	12.937505	21.058041	20.797365	10.748250	0.000000	23.516808	0.000000	21.399651	16.401957	19.577072
AT3G56490.1	112.344643	59.557655	82.825302	142.586044	94.980255	60.418819	83.025146	82.022987	89.259811	146.490921	201.617691	53.751637
AT3G57270.1	0.000000	0.000000	0.074940	2.226792	0.000000	0.000000	0.000000	0.000000	0.000000	2.445008	0.000000	0.000000
AT3G57330.1	36.254749	28.207394	7.494317	12.852755	34.516567	22.231262	8.757815	8.955727	8.230210	11.124295	3.871818	19.497988
AT3G57520.1	87.439934	99.333176	383.134766	85.456787	123.650650	74.980331	154.951508	149.920563	363.189697	97.013626	112.807564	91.489998
AT3G58680.1	109.434540	313.246735	183.770050	186.707764	116.984253	313.331879	241.898392	234.200882	192.170120	178.367233	354.135803	207.743362
AT3G60245.1	1414.559204	191.802185	991.582092	1303.866333	1462.484131	222.009201	964.047913	1248.990479	1116.161377	1389.427002	3951.938965	1414.686401
AT3G62260.2	3.387167	4.037988	0.127906	0.000000	0.000000	0.331499	3.534928	5.441369	0.000000	0.000000	0.000000	0.000000
AT4G01026.1	4.228582	22.381363	18.346468	11.106455	5.917170	30.531340	12.039077	5.574750	20.112684	7.531854	0.000000	0.463489
AT4G01590.3	11.207612	12.845427	19.325640	0.000000	12.428831	13.448353	30.344988	9.678679	12.429345	21.650167	32.440750	15.046073
AT4G03550.1	15.378006	8.221565	14.620783	27.340572	15.319902	7.261895	17.599800	21.600075	15.004316	28.297173	0.000000	24.622805
AT4G04860.1	17.792294	7.138716	7.729908	19.244467	22.053215	6.527943	13.432993	15.062676	9.214871	19.997990	10.839718	5.080265
AT4G07390.1	26.391867	39.134483	21.189350	52.559216	41.264633	28.351219	67.001083	49.298618	27.057255	52.839035	81.556313	29.798609
AT4G08370.1	0.000000	0.000000	0.000000	0.000000	0.000000	0.000000	0.000000	0.000000	0.000000	0.000000	0.000000	0.000000
AT4G10340.1	5.439744	2126.815430	2035.950195	162.565399	0.000000	2681.835449	174.914047	328.499329	664.861816	38.190228	0.000000	18.803152
AT4G10840.1	77.551888	31.876625	55.482109	68.263771	84.319092	31.716944	52.051876	54.627975	52.428814	69.468460	24.126982	74.991608
AT4G10850.1	0.000000	0.000000	0.000000	4.743352	0.000000	0.000000	26.837770	90.538193	0.000000	5.637846	0.000000	0.000000
AT4G11610.1	7.001119	0.000000	0.000000	0.000000	4.331707	0.000000	0.000000	0.080844	0.000000	0.000000	0.000000	6.455111
AT4G17160.1	0.000000	0.000000	0.000000	0.000000	0.000000	0.000000	0.000000	0.000000	0.000000	0.000000	0.000000	0.000000
AT4G17170.1	72.687592	100.965836	38.386955	23.476362	75.133018	106.047386	40.306358	35.579205	45.836575	26.341511	25.175171	50.475132
AT4G17530.1	115.431061	85.536835	60.392990	62.537560	112.285240	93.703033	80.833298	86.497246	64.450241	61.908207	68.471390	103.232544
AT4G20280.1	25.497932	22.478783	18.876947	32.191029	27.477333	24.882351	24.632515	25.821089	19.674490	33.878567	21.028275	17.842344
AT4G21120.1	0.683783	1.160858	0.054880	14.235279	0.919601	0.583286	30.216614	3.859880	0.000000	14.604523	1.883628	5.945604
AT4G22010.1	98.872116	0.940702	70.247978	51.590054	78.952324	1.386294	73.015991	78.067863	71.217094	59.179344	6.218245	70.442413
AT4G23520.1	0.000000	0.000000	0.000000	0.540586	0.000000	0.000000	0.000000	0.000000	0.000000	0.365718	0.000000	0.000000
AT4G26270.1	8.310861	20.545101	15.607099	12.957113	6.882621	18.565073	22.717491	26.969780	15.842677	11.875938	3.186882	2.393838
AT4G26530.2	0.000000	152.703079	180.921265	0.000000	0.000000	178.738297	0.000000	4.059559	168.923721	0.000000	0.000000	0.000000
AT4G27110.1	0.000000	0.000000	0.000000	0.000000	0.000000	0.000000	0.000000	0.000000	0.000000	0.000000	0.000000	0.000000
AT4G27130.1	168.811279	294.543732	135.097290	147.467804	167.066864	331.742340	151.933670	147.470413	149.220490	148.174301	204.652496	148.156784
AT4G27650.1	0.000000	8.037702	4.637229	9.141429	9.254635	8.255460	9.857535	9.854836	9.405782	0.000000	0.000000	6.885911
AT4G27730.1	2.157860	0.000000	5.314947	0.000000	2.628755	0.000000	7.575872	6.182946	5.985135	8.397651	45.945797	23.982670
AT4G27920.1	0.000000	0.000000	0.000000	0.000000	0.000000	0.000000	0.000000	0.000000	0.000000	0.000000	0.000000	0.000000
AT4G28510.1	42.060970	18.708479	37.864693	50.127510	41.699780	19.016436	36.622955	50.009995	40.330238	48.194370	163.900864	47.636345
AT4G29900.1	0.000000	0.000000	0.000000	0.000000	0.000000	0.000000	0.000000	0.000000	0.000000	0.000000	0.000000	0.000000
AT4G32520.1	26.158190	0.584030	59.619396	20.015476	8.024340	4.000130	35.340233	43.159714	53.259018	16.934830	127.031319	59.081112
AT4G33070.1	4.626674	0.521186	0.248781	0.880774	6.572148	0.625843	1.390674	7.883341	0.076882	1.088591	22.097240	31.314480
AT4G33270.1	15.958429	1.326243	25.226883	61.904354	20.119902	2.147510	34.203831	35.167366	21.662968	35.115612	0.000000	3.153995
AT4G34370.1	10.407332	11.548074	6.426844	12.987948	0.000000	8.642694	8.014595	5.121133	8.703802	12.066242	2.756125	7.626471
AT4G35640.1	1.297384	1.317965	2.549659	1.735880	1.947835	1.283509	2.557050	4.249001	3.094279	1.932382	0.756155	0.741665
AT4G35860.1	8.269315	45.321213	30.191851	30.281052	11.390718	49.390213	25.505997	29.488926	27.721920	30.101637	15.836436	13.032787
AT4G36880.1	1.556188	0.058983	2.900154	9.975088	1.187905	0.056561	4.569831	4.289566	2.955199	11.272317	2157.360107	3027.569580
AT4G37490.1	10.054025	0.000000	11.499102	38.905048	11.241700	0.405437	32.105244	30.276388	12.397037	39.479984	4.256358	3.762675
AT4G37930.1	11.997217	605.561584	671.179138	41.127419	10.282196	614.060974	220.410721	159.544159	650.484619	30.996807	22.478287	114.409042
AT4G37970.1	6.017912	5.044907	1.602514	0.088855	7.492084	0.576810	0.272759	0.492363	0.673842	0.035091	0.000000	0.000000
AT4G38970.1	4.788634	402.614075	889.418701	52.092602	2.696480	393.356506	316.806366	267.583588	849.906921	45.644455	38.804543	289.668915
AT4G39650.1	0.000000	0.000000	0.000000	1.817748	0.000000	0.000000	0.265579	0.000000	0.000000	1.886700	0.000000	0.000000
AT4G40030.2	22.543148	2.767880	20.620052	47.173138	42.843609	2.089209	31.674240	28.764887	19.715958	44.868484	3.083420	5.388183
AT5G01970.1	2.266273	0.322553	0.000000	0.316661	1.641732	0.645932	0.000000	0.000000	0.200640	0.917320	0.000000	0.492650
AT5G04370.2	1.622153	0.071212	0.000000	0.000000	0.000000	0.000000	0.000000	0.000000	0.000000	0.000000	0.000000	0.048962
AT5G08670.1	251.604355	94.062195	176.401566	188.357941	264.026917	95.823296	135.344818	164.257843	170.869522	200.052200	275.827850	446.771667
AT5G09700.1	0.400398	0.225921	0.055807	0.132040	0.138298	0.106512	0.293806	0.344819	0.000000	0.077381	0.000000	0.033946
AT5G12380.1	0.000000	0.300950	0.000000	25.550583	0.000000	0.068792	0.000000	0.000000	0.000000	22.744358	0.000000	0.000000
AT5G14130.1	1.258907	0.000000	0.000000	7.765339	4.258828	0.000000	0.000000	0.000000	0.000000	9.695985	0.000000	0.000000
AT5G16240.1	3.876730	5.433108	4.642387	21.482239	3.628530	6.070076	32.012920	18.891554	4.180950	21.671524	7.603198	2.460148
AT5G16650.1	15.509099	21.500288	33.452351	23.731358	15.445799	17.371544	14.901031	28.199835	30.510519	25.787674	28.219030	25.927774
AT5G16710.1	12.982137	90.335106	142.573700	31.299850	15.084126	95.428566	63.223694	57.126793	138.828445	25.970573	34.074532	48.755711
AT5G19690.1	90.386452	37.393848	66.241684	104.207695	89.805046	34.649921	75.522522	119.281311	65.199867	102.716049	51.948097	110.904388
AT5G24080.1	0.000000	0.125764	0.000000	0.000000	0.048466	0.097743	0.000000	0.000000	0.000000	0.000000	0.000000	0.000000
AT5G26340.1	2.060998	102.517143	3.329964	9.925662	0.000000	78.732674	0.315351	0.000000	4.577291	10.169002	1.898456	62.816933
AT5G28540.1	290.337433	83.374596	143.363129	460.660431	290.147217	74.813675	251.709656	320.516083	144.281677	439.001190	279.420837	412.850739
AT5G37150.1	0.000000	0.000000	0.000000	0.000000	0.000000	0.000000	0.000000	0.000000	0.000000	0.000000	0.000000	0.000000
AT5G38250.1	0.000000	0.095593	0.000000	0.000000	0.000000	0.068292	0.000000	0.000000	0.000000	0.000000	0.000000	0.000000
AT5G38280.1	8.559041	0.000000	0.000000	0.000000	15.215488	0.000000	0.000000	0.000000	0.000000	0.000000	0.000000	1.274398
AT5G40880.1	7.468123	5.157848	3.730645	7.534930	8.248197	4.288630	7.918701	4.596749	3.359880	6.598180	2.984826	5.543293
AT5G41770.1	41.693291	22.492128	30.793842	49.219944	45.317886	20.023476	43.525925	49.277077	30.418573	47.828609	46.310123	53.949547
AT5G42280.1	0.000000	0.000000	0.000000	0.000000	0.000000	0.000000	0.000000	0.000000	0.000000	0.000000	0.000000	0.000000
AT5G47540.1	19.032330	10.699668	5.801192	9.746868	19.657265	0.976461	0.000000	4.632617	15.001659	0.000000	0.000000	37.976181
AT5G47780.1	42.512005	31.204596	38.969234	72.868126	42.695503	34.357395	67.813103	59.014881	38.520817	71.036484	39.770168	50.135365
AT5G48900.1	24.084848	0.432031	26.559364	27.049149	25.110405	4.190108	2.974803	0.919247	32.311028	23.373373	0.000000	18.715584
AT5G50530.1	0.000000	3.066079	0.000000	0.000000	0.000000	0.000000	0.000000	0.000000	0.000000	0.000000	0.000000	1.355399
AT5G53160.2	71.066650	113.839554	33.315910	14.670904	86.005966	131.267517	42.247318	37.268444	29.240183	13.769673	42.645546	60.520676
AT5G53550.1	5.016932	46.012085	0.000000	0.000000	3.094693	8.974567	0.000000	0.000000	0.000000	0.000000	0.000000	6.802283
AT5G53940.1	13.379665	32.105389	37.012962	19.308516	13.064961	21.104671	29.769070	27.014635	35.109180	17.471828	37.647861	31.901184
AT5G55190.1	182.303696	130.672211	135.278687	227.448730	180.054794	140.262085	149.881226	193.428497	141.320908	254.001892	351.400085	183.193008
AT5G55260.1	22.658381	16.186783	9.258493	17.301926	26.458254	16.828386	14.843826	14.898680	12.481867	16.032860	17.178286	8.825615
AT5G56910.1	6.774143	19.424437	22.743933	50.758503	6.258748	19.574432	36.365124	33.023510	19.125620	51.103413	20.445353	15.388202
AT5G57565.4	0.000000	0.000000	0.000000	0.000000	0.000000	0.000000	0.000000	0.000000	0.000000	0.000000	0.000000	0.000000
AT5G58270.1	11.501916	7.644024	20.759842	20.763865	15.644830	14.900433	16.599483	10.577271	19.139149	17.250814	17.588999	24.158104
AT5G58490.1	30.350319	51.124989	54.785458	60.604759	34.946148	49.621857	54.786613	65.394356	52.886578	56.538864	62.499352	54.434505
AT5G63120.2	7.505270	0.000000	9.015282	5.814519	9.018390	2.966949	5.865058	9.276501	8.190007	4.276476	6.993671	4.671348
AT5G63310.1	20.688515	51.479462	270.031830	49.577305	21.968954	58.369835	114.022110	128.867020	273.279053	51.370945	111.835777	193.962158
AT5G63490.1	2.985512	4.166386	2.591349	5.136498	3.883251	2.922801	2.571292	0.000000	4.311129	3.137944	1.365652	0.211251
AT5G65020.1	148.792572	8.467868	26.285692	98.352951	141.250916	14.898368	50.725414	47.266407	32.503727	104.208694	31.433279	181.407532
AT5G65165.1	0.000000	0.000000	0.000000	0.000000	0.000000	0.000000	0.000000	0.000000	0.000000	0.000000	18.627266	4.543032
AT5G66430.1	0.000000	0.000000	0.000000	0.000000	0.000000	0.000000	0.000000	0.000000	0.000000	0.000000	0.000000	0.000000
AT5G66550.1	5.481522	10.414162	21.040037	22.702248	6.101278	10.902287	28.425716	31.815845	19.762182	16.879787	5.514437	21.140009
AT5G66720.1	24.922203	35.608475	35.983784	30.447458	23.581596	30.644228	37.361217	28.544170	37.442005	38.846706	46.183777	40.564732
